[[ 0.52591586  0.2908642  -0.75000256 -0.36950436  0.5964752   0.45489225
   0.06866257  0.23819578 -0.02113331 -0.42775247]]
[[0.14642018 0.11574956 0.04087677 0.05980326 0.1571247  0.13638158
  0.0926869  0.10981096 0.08472674 0.05641935]]
  [[ 0.48665354 -0.09621304  0.05408509  0.22343738  0.07572544  0.42192343
   0.37625647 -0.50765026 -0.04016925  0.42606685]]
[[0.13562602 0.07571942 0.08799965 0.10423888 0.08992475 0.12712504
  0.12145017 0.05017905 0.08008418 0.12765285]]
[[-0.49932522 -0.2506425  -0.24950556 -0.43338713  0.31445324 -0.06153762
   0.427849   -0.12943524 -0.0678388   0.08909322]]
[[0.06346951 0.08138918 0.08148178 0.06779563 0.14321372 0.09833177
  0.16041014 0.09187689 0.09771412 0.11431731]]
[[-0.2506623   0.592303   -0.35200387  0.08021495 -0.2502847   0.1762373
  -0.28617838 -1.213069   -0.26118156  0.11081943]]
[[0.08386444 0.1948377  0.07578194 0.11675514 0.0838961  0.12852216
  0.08093817 0.03203391 0.08298686 0.1203836 ]]
[[-0.30212814 -0.85724807  0.5612327   0.31683576 -0.21770985  0.2542457
  -0.8770087   0.59188956 -0.13383509  0.14552192]]
[[0.06949192 0.0398886  0.16477343 0.12904672 0.07561304 0.12121725
  0.03910811 0.1699031  0.08222864 0.10872923]]
